L=1003,m=2000,n=3000
Thread_0: 0 ~ 1003, step 1

===C:first_20*first_10===
2666666000 2668667000 2670668000 2672669000 2674670000 2676671000 2678672000 2680673000 2682674000 2684675000 
2668665000 2670668000 2672671000 2674674000 2676677000 2678680000 2680683000 2682686000 2684689000 2686692000 
2670664000 2672669000 2674674000 2676679000 2678684000 2680689000 2682694000 2684699000 2686704000 2688709000 
2672663000 2674670000 2676677000 2678684000 2680691000 2682698000 2684705000 2686712000 2688719000 2690726000 
2674662000 2676671000 2678680000 2680689000 2682698000 2684707000 2686716000 2688725000 2690734000 2692743000 
2676661000 2678672000 2680683000 2682694000 2684705000 2686716000 2688727000 2690738000 2692749000 2694760000 
2678660000 2680673000 2682686000 2684699000 2686712000 2688725000 2690738000 2692751000 2694764000 2696777000 
2680659000 2682674000 2684689000 2686704000 2688719000 2690734000 2692749000 2694764000 2696779000 2698794000 
2682658000 2684675000 2686692000 2688709000 2690726000 2692743000 2694760000 2696777000 2698794000 2700811000 
2684657000 2686676000 2688695000 2690714000 2692733000 2694752000 2696771000 2698790000 2700809000 2702828000 
2686656000 2688677000 2690698000 2692719000 2694740000 2696761000 2698782000 2700803000 2702824000 2704845000 
2688655000 2690678000 2692701000 2694724000 2696747000 2698770000 2700793000 2702816000 2704839000 2706862000 
2690654000 2692679000 2694704000 2696729000 2698754000 2700779000 2702804000 2704829000 2706854000 2708879000 
2692653000 2694680000 2696707000 2698734000 2700761000 2702788000 2704815000 2706842000 2708869000 2710896000 
2694652000 2696681000 2698710000 2700739000 2702768000 2704797000 2706826000 2708855000 2710884000 2712913000 
2696651000 2698682000 2700713000 2702744000 2704775000 2706806000 2708837000 2710868000 2712899000 2714930000 
2698650000 2700683000 2702716000 2704749000 2706782000 2708815000 2710848000 2712881000 2714914000 2716947000 
2700649000 2702684000 2704719000 2706754000 2708789000 2710824000 2712859000 2714894000 2716929000 2718964000 
2702648000 2704685000 2706722000 2708759000 2710796000 2712833000 2714870000 2716907000 2718944000 2720981000 
2704647000 2706686000 2708725000 2710764000 2712803000 2714842000 2716881000 2718920000 2720959000 2722998000 
===C:last_20*last_10===
16493013000 16496980000 16500947000 16504914000 16508881000 16512848000 16516815000 16520782000 16524749000 16528716000 
16500992000 16504961000 16508930000 16512899000 16516868000 16520837000 16524806000 16528775000 16532744000 16536713000 
16508971000 16512942000 16516913000 16520884000 16524855000 16528826000 16532797000 16536768000 16540739000 16544710000 
16516950000 16520923000 16524896000 16528869000 16532842000 16536815000 16540788000 16544761000 16548734000 16552707000 
16524929000 16528904000 16532879000 16536854000 16540829000 16544804000 16548779000 16552754000 16556729000 16560704000 
16532908000 16536885000 16540862000 16544839000 16548816000 16552793000 16556770000 16560747000 16564724000 16568701000 
16540887000 16544866000 16548845000 16552824000 16556803000 16560782000 16564761000 16568740000 16572719000 16576698000 
16548866000 16552847000 16556828000 16560809000 16564790000 16568771000 16572752000 16576733000 16580714000 16584695000 
16556845000 16560828000 16564811000 16568794000 16572777000 16576760000 16580743000 16584726000 16588709000 16592692000 
16564824000 16568809000 16572794000 16576779000 16580764000 16584749000 16588734000 16592719000 16596704000 16600689000 
16572803000 16576790000 16580777000 16584764000 16588751000 16592738000 16596725000 16600712000 16604699000 16608686000 
16580782000 16584771000 16588760000 16592749000 16596738000 16600727000 16604716000 16608705000 16612694000 16616683000 
16588761000 16592752000 16596743000 16600734000 16604725000 16608716000 16612707000 16616698000 16620689000 16624680000 
16596740000 16600733000 16604726000 16608719000 16612712000 16616705000 16620698000 16624691000 16628684000 16632677000 
16604719000 16608714000 16612709000 16616704000 16620699000 16624694000 16628689000 16632684000 16636679000 16640674000 
16612698000 16616695000 16620692000 16624689000 16628686000 16632683000 16636680000 16640677000 16644674000 16648671000 
16620677000 16624676000 16628675000 16632674000 16636673000 16640672000 16644671000 16648670000 16652669000 16656668000 
16628656000 16632657000 16636658000 16640659000 16644660000 16648661000 16652662000 16656663000 16660664000 16664665000 
16636635000 16640638000 16644641000 16648644000 16652647000 16656650000 16660653000 16664656000 16668659000 16672662000 
16644614000 16648619000 16652624000 16656629000 16660634000 16664639000 16668644000 16672649000 16676654000 16680659000 
Time taken (sec) = 196.517
